pi: 3.14159
tau: 6.28318
dies: 365
horae: 8760
secunda: 31536000
codex rectus: 200
