initial_input
[0.5, -1.0, 2.0, 0.75]
initial_weight
[1.25, -0.5, 0.8, 1.1]
initial_bias
[0.2, -0.3, 0.2, -0.3]
initial_target
[0.25, -1.0, 1.5, 0.75]
step_loss
1.3034375000000002
grad_input
[0.021875000000000006, -0.4475000000000001, 1.4312500000000001, 0.046250000000000235]
grad_weight
[1.7437500000000004, -1.3875, 0.7875000000000001, -0.1343749999999999]
grad_bias
[-0.11250000000000002, -0.32500000000000007, 0.9000000000000001, -0.6124999999999999]
grad_target
[0.11250000000000002, 0.32500000000000007, -0.9000000000000001, 0.6124999999999999]
step_loss
1.2353061115875246
grad_input
[0.017351088867187475, -0.4420693842773439, 1.3678998579101562, 0.03783195056152355]
grad_weight
[1.6940390625000001, -1.3504062499999998, 0.7686914062500001, -0.1257158203124999]
grad_bias
[-0.11235937500000004, -0.32057812500000005, 0.8751093750000001, -0.5950585937499999]
grad_target
[0.11235937500000004, 0.32057812500000005, -0.8751093750000001, 0.5950585937499999]
step_loss
1.170844339604819
grad_input
[0.013076183538157649, -0.4366785531292808, 1.3076118882378818, 0.030064684660582652]
grad_weight
[1.6457270800781245, -1.3143295068359373, 0.7503723522949218, -0.11735305511474586]
grad_bias
[-0.11218921875000006, -0.31622779785156263, 0.8509108447265623, -0.578107803955078]
grad_target
[0.11218921875000006, 0.31622779785156263, -0.8509108447265623, 0.578107803955078]
step_loss
1.1098520040959283
grad_input
[0.009037604003180294, -0.43132923283728397, 1.2502293663204826, 0.02290679506160853]
grad_weight
[1.5987748824645993, -1.2792415920059201, 0.7325295711307525, -0.10927782156190857]
grad_bias
[-0.11199072859497075, -0.3119476003707886, 0.8273851233810423, -0.5616338959102629]
grad_target
[0.11199072859497075, 0.3119476003707886, -0.8273851233810423, 0.5616338959102629]
step_loss
1.0521399024362772
grad_input
[0.005223327233267988, -0.42602298767362545, 1.1956038629047185, 0.01631931684930854]
grad_weight
[1.55314439394425, -1.245115111107955, 0.7151501615883168, -0.10148149151311692]
grad_bias
[-0.11176506430250362, -0.3077361474967295, 0.8045134630477508, -0.5456235186797952]
grad_target
[0.11176506430250362, 0.3077361474967295, -0.8045134630477508, 0.5456235186797952]
step_loss
0.9975292060807557
grad_input
[0.001621952359827955, -0.4207612300890976, 1.1435947968610418, 0.010265588243860369]
grad_weight
[1.5087986027952716, -1.2119234319838057, 0.698221578173245, -0.0939556843475653]
grad_bias
[-0.11151334915791013, -0.30359208643904156, 0.7822776386871133, -0.5300636943821425]
grad_target
[0.11151334915791013, 0.30359208643904156, -0.7822776386871133, 0.5300636943821425]
step_loss
0.9458508904917143
grad_input
[-0.0017773322717102857, -0.41554523031441126, 1.0940690122540098, 0.004711119216406101]
grad_weight
[1.4657015315810291, -1.179640663472493, 0.6817316211889239, -0.08669225998194313]
grad_bias
[-0.11123667102824254, -0.29951409584862465, 0.7606599335475752, -0.5149418077740904]
grad_target
[0.11123667102824254, 0.29951409584862465, -0.7606599335475752, 0.5149418077740904]
step_loss
0.8969451964212808
grad_input
[-0.004984780276064485, -0.4103761254080574, 1.046900378435775, -0.0003765325286180232]
grad_weight
[1.4238182082710833, -1.1482416347564306, 0.665668427134536, -0.07968331208356194]
grad_bias
[-0.11093608339610932, -0.2955008850106101, 0.739643124984569, -0.5002455961255627]
grad_target
[0.11093608339610932, 0.2955008850106101, -0.739643124984569, 0.5002455961255627]
final_weight
[1.1236624623836562, -0.39883601809837455, 0.7420013488223931, 1.1084853444491538]
final_bias
[0.2089449049022974, -0.2751990326198265, 0.1345950049662539, -0.2556182508942307]
[1.3034375000000002, 1.2353061115875246, 1.170844339604819, 1.1098520040959283, 1.0521399024362772, 0.9975292060807557, 0.9458508904917143, 0.8969451964212808]
[1.1236624623836562, -0.39883601809837455, 0.7420013488223931, 1.1084853444491538]
[0.2089449049022974, -0.2751990326198265, 0.1345950049662539, -0.2556182508942307]
